8
21
2 2 2 2 2 2 2 2 2 2 2 2 2 2 2 2 2 2 2 2 2
*5*5*5*5
21
2097152 2 2 2 2 2 2 2 2 2 2 2 2 2 2 2 2 2 2 2 2
/5/5/5/5
21
1 1 1 1 1 1 1 1 1 1 1 1 1 1 1 1 1 1 1 1 1
+-+-+-+-+-+-+-+-+-+-+
21
1 1 1 1 1 1 1 1 1 1 1 1 1 1 1 1 1 1 1 1 1
/*/*/*/*/*/*/*/*/*/*/
21
1 1 1 1 1 1 1 1 1 1 1 1 1 1 1 1 1 1 1 1 1
+5+5+5+5
20
0 1 1 2 3 5 8 13 21 34 55 89 144 233 377 610 987 1597 2584 4181
-5+5-5+5
20
0 1 1 2 3 5 8 13 21 34 55 89 144 233 377 610 987 1597 2584 4181
-5+5*3-2+5
11
1 6 15 28 45 66 91 120 153 190 231
*2+2*+*2-2
	
